1960 27472339 72814900 52400000
1961 28146909 73377632 52800000
1962 28832831 74025784 53250000
1963 29531362 74714353 53650000
1964 30244258 75318337 54000000
1965 30972996 75963695 54348050
1966 31717504 76600311 54648500
1967 32477994 76951336 54943600
1968 33256465 77294314 55211700
1969 34055391 77909682 55441750
1970 34876296 78169289 55663250
1971 35720603 78312842 55896223
1972 36587267 78688452 56086065
1973 37472329 78936666 56194527
1974 38370278 78967433 56229974
1975 39277249 78673554 56225800
1976 40189561 78336950 56211968
1977 41108290 78159814 56193492
1978 42039983 78091820 56196504
1979 42994043 78126350 56246951
1980 43975972 78288576 56314216
1981 44988411 78407907 56333829
1982 46025411 78333366 56313641
1983 47073470 78128282 56332848
1984 48114158 77858685 56422072
1985 49133928 77684873 56550268
1986 50128548 77720436 56681396
1987 51100930 77839920 56802050
1988 52053764 78144619 56928327
1989 52992479 78751283 57076711
1990 53921758 79433029 57247586
1991 54840595 80013896 57424897
1992 55748946 80624598 57580402
1993 56653808 81156363 57718614
1994 57564209 81438348 57865745
1995 58486453 81678051 58019030
1996 59423278 81914831 58166950
1997 60372571 82034771 58316954
1998 61329665 82047195 58487141
1999 62287391 82100243 58682466
2000 63240196 82211508 58892514
2001 64192243 82349925 59119673
2002 65145357 82488495 59370479
2003 66089402 82534176 59647577
2004 67010930 82516260 59987905
2005 67903461 82469422 60401206
2006 68756809 82376451 60846820
2007 69581854 82266372 61322463
2008 70418612 82110097 61806995
2009 71321406 81902307 62276270
2010 72326992 81776930 62766365
2011 73443254 80274983 63258810
2012 74651046 80425823 63700215
2013 75925454 80645605 64128273
2014 77229262 80982500 64602298
2015 78529413 81686611 65116219
2016 79827868 82348669 65611593
2017 81116451 82657002 66058859
2018 82340090 82905782 66460344
2019 83429607 83092962 66836327
2020 84339067 83160871 67081000
2021 85042736 83129285 67326569
